7 5 4 4 2 2 7 5 8 2 5 2 2 5 2 9 
8 9 5 9 2 2 8 4 2 8 5 5 5 4 0 2 
9 5 6 3 9 5 9 9 7 6 1 2 3 6 1 1 
7 9 0 1 3 0 5 7 0 0 2 5 4 3 9 5 
0 7 1 9 2 0 0 0 6 2 4 9 0 7 2 7 
6 4 8 1 5 5 8 7 6 3 5 2 6 4 0 8 
4 1 7 6 3 7 8 9 1 4 0 3 2 2 2 0 
8 2 2 5 8 2 3 6 5 0 0 1 4 0 9 0 
3 8 9 6 8 9 5 1 4 7 7 6 1 9 6 0 
2 8 7 2 1 0 8 6 0 8 0 7 1 1 7 4 
2 8 1 0 8 8 3 2 8 0 8 9 0 6 1 4 
5 9 8 8 1 6 6 4 6 8 1 9 2 0 6 4 
1 9 6 9 7 1 1 7 2 1 9 4 7 0 0 4 
1 8 4 3 6 1 7 4 1 0 6 3 2 2 7 3 
1 5 4 0 7 5 8 1 8 7 5 6 9 5 0 1 
5 5 4 1 8 3 7 9 5 3 5 9 5 4 5 6 